% parametri za simulaciju nelinearnog modela njihala
J0_kapa = 5.5351*10^(-4);
J1_kapa = 3.4356*10^(-4);
J2_kapa = 3.8533*10^(-4);

b1 = 8.3336*10^(-5);
b2 = 2.5*10^(-4);
g = 9.81;

m2 = 18.1*10^(-3);
L1 = 10.85*10^(-2);
L2 = 18.2*10^(-2);
l2 = 13.8*10^(-2);

Ra = 2.19;
La = 278*10^(-6);
ce = 0.02559;
cm = 0.02559;
n = 3.9;




